1994.5 1993.437864 17.67572816
1979.4 1977.260341 23.2379562
1955.4 1953.712557 30.5499019
1921.4 1920.324681 39.50033625
1877.7 1876.953492 48.96398077
1825 1824.069357 58.49981178
1759.8 1760.271399 68.3910057
1686.7 1686.864693 78.21402447
1603.6 1603.694154 88.02395886
1509.2 1510.2307 97.90888464
1407.6 1407.478269 107.7008394
1294.4 1294.737132 117.5191023
1172.4 1172.340485 127.3164122
1039.9 1040.066591 137.1227898
898 898.0332371 146.9238812
745.5 746.0479469 156.7394838
585 584.5358545 166.5279145
412.5 412.983676 176.3385559
231.8 231.7557943 186.1376912
39.9 40.56633459 195.9493567
